[ 0.30809673  0.29773711 -0.48141042  0.42630457  0.55625722  0.10208305
 -0.57590388 -0.29850178  0.36842198  0.12252674  0.88325217 -0.14185039
  0.38809203  0.8456234   0.73232555  0.07686907]
[-0.96085992  0.07201804 -0.54079383  0.10725075  0.08588052  0.26282982
  1.00651703  0.66758581  0.32140936  0.71240462  0.27365504  0.97215391
  0.86003314  0.29543982 -0.47840592 -0.63115372]
[-0.23753342 -1.25142067 -0.79021275 -0.57866628 -1.0060108  -0.89458868
 -0.58973433 -0.67292222  0.00963576 -0.37720913 -0.69660134 -0.33885577
 -0.5853284  -0.88658903 -0.1414089  -0.27601714]
[ 0.19116375 -0.41396788 -0.52505842 -0.3200316  -1.02749859  0.96994989
  0.8783531   0.96971683 -0.10433619 -0.77331734 -0.14034832 -0.94042805
 -0.86507132 -0.4424533  -0.06379785  0.77743842]
[-1.12320136 -0.20944903 -0.89370814 -0.82642954 -0.08673123 -0.84349938
 -0.58156556 -0.89508722  0.14466995 -0.46819277 -0.76015238 -0.98613902
 -0.45327996 -0.38486221 -0.77277438 -1.03004235]
[-0.59087439  0.62672459 -0.65674808 -0.75789713  0.31380321 -0.99011775
 -1.09634566 -0.88249393 -1.10339689 -0.56342633 -0.5926667  -0.7583279
  0.04559688 -0.29289861 -0.14168238 -0.85278644]
[ 0.58538204  1.12222037 -0.31936314 -0.51538     0.37864825 -0.52120666
 -0.35116384  0.69109911  0.50422164  0.86523699 -0.35958801 -0.10168543
  0.53386791  0.69644025 -0.27356367  0.13098596]
[-0.28678807 -0.0654152  -0.70580491 -0.24446133 -0.97080919 -0.90384164
 -0.20668456 -0.62320083 -0.18787805 -0.12789079 -0.35607577 -1.01703397
 -1.07819731 -0.32876172  0.3874928  -1.26580172]
[-1.23512933 -1.37810506 -1.17381348 -1.31667852 -1.33469584 -1.25600623
 -1.23723212 -1.28570696 -1.34981469 -1.36669727 -1.2715943  -1.34828604
 -1.37062936 -1.41487417 -1.18518384 -1.20914185]
[0.89066574 1.16501318 0.9883353  1.03998472 1.05170741 1.05776666
 0.79931976 1.16368081 1.04661449 1.06251527 1.09750799 0.96483802
 0.98677101 1.07888618 0.88737852 0.98504656]
[-1.12253039 -0.60255482 -0.16683881 -0.6642602  -0.92817603 -0.43872159
 -0.34358464 -0.92859525 -0.92995983 -1.22192508 -0.88765081 -0.36093441
 -0.98397841 -0.81277379 -0.79447918 -1.0151559 ]
[-0.83033495 -0.25185085 -0.00266296 -1.18609427 -1.44039517 -0.80321442
 -0.31470448 -0.43955677 -0.91105173 -0.42229762 -0.66680843 -0.76979564
 -0.08395969 -0.80900058 -0.73303679 -0.88965377]
[-0.34329052 -0.686866   -1.02613775 -0.94719466 -1.06627551 -1.03474481
 -1.02526705 -0.57809464 -0.64505219 -0.59533541 -0.55349776 -0.72616021
 -1.24344457 -0.59651107 -1.01150558 -0.78307869]
[-0.76688799 -0.06038702 -1.02997439 -1.32911118 -0.55543865 -0.03563432
 -1.35502002 -1.08820604 -0.21630683 -1.02757    -0.54705378 -0.35028903
 -0.18938876 -0.17819427 -0.89885303 -0.0542247 ]
[0.3476623  0.84178933 1.00945169 0.69052072 0.51286246 0.90023331
 0.4550491  1.0522575  1.12001635 0.93576624 0.84440589 1.21551467
 0.76912783 1.16009743 0.68641658 0.4152943 ]
[-0.49974393 -0.53268515 -0.49383455 -0.56012802 -0.26689771 -0.5557784
 -0.59348866 -0.62491737 -0.91426162 -1.16378036 -0.39154513 -0.81880613
 -1.36208407 -1.03868149 -0.92810408 -0.89236562]
[-0.88076721 -1.09269287 -0.17089734 -1.00493313 -0.0040832  -0.76672517
 -1.08387435 -0.72761492 -0.02125162 -0.61419979 -0.16875147  0.14043152
 -0.95790521 -1.25217809  0.15621357 -0.89279497]
[-0.88190291 -1.16051103 -0.8308941  -0.93338386 -1.02185275 -0.87155723
 -1.06764618 -0.85297877 -1.11392207 -0.98772195 -1.01282031 -1.14407036
 -1.1755766  -1.22163026 -0.8960445  -0.760103  ]
[ 0.65718902  1.31388338  1.02973917 -0.06161188  0.42384238  0.05222239
  0.61135297 -0.2313514   0.60370367  0.61690089  0.38324954  1.20236102
  0.43884904  0.19183136  1.04272514  0.53563608]
[ 0.16480241  0.22433621  1.0735203   0.85899505  0.33814162  0.97277541
  0.01078069 -0.09459527  0.81349615  1.2047656   1.15032276  0.20630677
 -0.07868201  0.73893979  0.59008315  0.29827745]
[-1.10123838  0.22717531  0.3458816  -0.75477888 -0.48076287 -0.86624176
 -0.41537388 -0.36560241 -0.07426015  0.3010583  -0.52039904 -0.63317279
 -1.08630334 -0.89833535 -0.47969167  0.30313339]
[-0.60710045 -0.51671717 -0.75564099 -0.58348862 -0.99602192 -0.77087107
 -0.74348559 -0.46364393 -0.78805895 -1.16043562 -1.1265875  -0.88170961
 -0.93239086  0.31031224 -0.46127092 -0.11229219]
[-1.22169092 -1.35477422 -1.16057781 -1.30218966 -1.30636879 -1.20508683
 -1.18844387 -1.25555517 -1.33475963 -1.32854025 -1.23057893 -1.30881616
 -1.33617791 -1.39135117 -1.1416207  -1.16527953]
[-0.22382329  0.37246781  0.59696576  0.79505484  0.0389563   0.81652222
  0.0021662   0.32521135  0.43920475 -0.13516002 -0.96417487  0.72323692
  0.04762974  0.71556879 -1.03019887  0.1679551 ]
[1.0489229  1.07636614 1.02917701 0.95958264 1.09302604 1.02082999
 1.02225062 1.02006013 1.09366212 1.07567788 0.94485784 1.0716022
 0.99316173 1.22723428 0.96210799 1.01796522]
W2:[-2.01165668 -1.9373963  -1.16779672  0.96388185 -2.0539168  -0.9573499
 -1.4001951  -1.41530096 -7.74994253  4.65110169 -3.40471314 -2.74263101
 -3.67900973 -1.47428609  2.78302517 -2.98872132 -1.48323111 -5.46647594
  0.51178922  0.43146125 -0.3559039  -2.75883477 -7.31737549 -1.7571606
  4.79021497]
